    0
    0.0300
    0.0600
    0.0900
    0.1200
    0.1500
    0.1800
    0.2100
    0.2400
    0.2700
    0.3000
    0.3300
    0.3600
    0.3900
    0.4200
    0.4500
    0.4800
    0.5100
    0.5400
    0.5700
    0.6000
    0.6300
    0.6600
    0.6900
    0.7200
    0.7500
    0.7800
    0.8100
    0.8400
    0.8700
    0.9000
    0.9300
    0.9600
    0.9900
    1.0200
    1.0500
    1.0800
    1.1100
    1.1400
    1.1700
    1.2000
    1.2300
    1.2600
    1.2900
    1.3200
    1.3500
    1.3800
    1.4100
    1.4400
    1.4700
    1.5000
    1.5300
    1.5600
    1.5900
    1.6200
    1.6500
    1.6800
    1.7100
    1.7400
    1.7700
    1.8000
    1.8300
    1.8600
    1.8900
    1.9200
    1.9500
    1.9800
    2.0100
    2.0400
    2.0700
    2.1000
    2.1300
    2.1600
    2.1900
    2.2200
    2.2500
    2.2800
    2.3100
    2.3400
    2.3700
    2.4000
    2.4300
    2.4600
    2.4900
    2.5200
    2.5500
    2.5800
    2.6100
    2.6400
    2.6700
    2.7000
    2.7300
    2.7600
    2.7900
    2.8200
    2.8500
    2.8800
    2.9100
    2.9400
    2.9700
    3.0000