    0.4981
    0.5285
    0.5584
    0.5878
    0.6166
    0.6449
    0.6727
    0.7000
    0.7267
    0.7529
    0.7786
    0.8037
    0.8283
    0.8524
    0.8759
    0.8989
    0.9214
    0.9434
    0.9648
    0.9857
    1.0060
    1.0259
    1.0452
    1.0640
    1.0822
    1.0999
    1.1171
    1.1338
    1.1499
    1.1655
    1.1806
    1.1951
    1.2091
    1.2226
    1.2356
    1.2480
    1.2599
    1.2713
    1.2821
    1.2924
    1.3022
    1.3114
    1.3201
    1.3283
    1.3360
    1.3431
    1.3497
    1.3558
    1.3613
    1.3663
    1.3708
    1.3748
    1.3782
    1.3811
    1.3834
    1.3853
    1.3866
    1.3873
    1.3876
    1.3873
    1.3865
    1.3851
    1.3833
    1.3808
    1.3779
    1.3744
    1.3705
    1.3659
    1.3609
    1.3553
    1.3492
    1.3425
    1.3354
    1.3277
    1.3194
    1.3107
    1.3014
    1.2916
    1.2812
    1.2704
    1.2589
    1.2470
    1.2345
    1.2215
    1.2080
    1.1940
    1.1794
    1.1643
    1.1486
    1.1325
    1.1158
    1.0985
    1.0808
    1.0625
    1.0436
    1.0243
    1.0044
    0.9840
    0.9631
    0.9416
    0.9196